
28.629783461203793, 77.07769407961788
28.61595648615561, 77.0851987905795
28.602467332494182, 77.08269404031469
28.58991979058563, 77.08299444762696
28.577775105890268, 77.11130604199636
28.565654179684795, 77.12246164768365
28.560881111054794, 77.14034123745095
28.557925961711973, 77.16098276949222
28.558042357239948, 77.17404689243902
28.55031147387111, 77.18521158241569
28.54719376282164, 77.19380272323218
28.54347742221488, 77.20535823221617
28.542348461417422, 77.22049003116673
28.541242533795884, 77.22937981894276
28.541862476981414, 77.23820247649132
28.545888008374867, 77.25115769995575
28.550308044396346, 77.2565918554361
28.554791881989992, 77.2648317676421
28.559551487964374, 77.27471881358645
28.56300276349723, 77.28631707908438
28.561527635370897, 77.29208452262455
28.545974808047944, 77.29647649877245
28.54291270324203, 77.31010287626293
28.553267826823912, 77.32306377951205
28.564095079241625, 77.33577116880272
